0.409169 
0.010271 
0.010654 
0.728807 
0.005529 
0.020221 
0.050874 
0.010289 
0.003435 
0.713743 
0.687313 
0.463585 
0.005954 
0.728282 
0.006180 
0.654952 
0.539317 
0.724423 
0.728871 
0.024628 
0.005946 
0.728665 
0.728680 
0.728263 
0.728657 
0.005946 
0.005940 
0.005935 
0.005940 
0.728704 
0.728901 
0.728674 
0.728883 
0.728798 
0.728440 
0.728721 
0.728661 
0.728629 
0.728682 
0.728632 
0.728692 
0.728915 
0.728795 
0.728714 
0.728672 
0.728791 
0.728686 
0.729139 
0.729127 
0.728818 
0.728633 
0.728681 
0.728893 
0.728851 
0.728719 
0.728733 
0.728771 
0.728693 
0.728984 
0.728625 
0.011194 
0.682993 
0.050028 
0.588411 
0.003704 
0.447815 
0.553044 
0.668027 
0.005588 
0.003252 
0.725473 
0.690165 
0.180229 
0.006153 
0.727819 
0.699156 
0.005954 
0.665637 
0.653633 
0.005638 
0.719848 
0.728642 
0.727476 
0.728715 
0.728677 
0.728465 
0.005233 
0.176268 
0.005935 
0.005940 
0.728716 
0.728678 
0.728642 
0.728634 
0.728747 
0.003784 
0.728734 
0.725936 
0.728217 
0.728875 
0.728685 
0.720276 
0.728659 
0.728780 
0.728656 
0.728637 
0.728998 
0.587985 
0.727846 
0.702121 
0.728805 
0.010314 
0.728707 
0.729069 
0.728715 
0.728741 
0.728629 
0.728706 
0.728674 
0.728688 
0.003400 
0.005822 
0.003255 
0.027764 
0.003235 
0.003393 
0.003864 
0.016589 
0.080795 
0.016191 
0.006844 
0.005938 
0.012327 
0.005937 
0.728838 
0.006626 
0.006697 
0.004869 
0.006555 
0.005948 
0.216724 
0.728632 
0.455148 
0.003269 
0.721589 
0.005892 
0.728629 
0.011748 
0.006275 
0.727589 
0.728757 
0.728833 
0.728659 
0.728842 
0.728496 
0.727455 
0.728226 
0.728751 
0.728731 
0.728687 
0.728687 
0.729071 
0.728638 
0.728554 
0.728572 
0.728627 
0.728741 
0.728785 
0.728791 
0.728959 
0.728815 
0.728770 
0.728995 
0.728775 
0.022232 
0.728963 
0.727711 
0.728482 
0.728639 
0.728835 
0.003356 
0.003354 
0.061942 
0.689121 
0.003218 
0.727985 
0.005904 
0.003439 
0.010309 
0.452389 
0.005949 
0.005940 
0.728636 
0.306167 
0.728054 
0.683240 
0.022339 
0.006010 
0.112774 
0.717800 
0.679434 
0.005937 
0.725843 
0.726586 
0.003548 
0.005939 
0.296552 
0.005936 
0.728672 
0.728648 
0.728752 
0.728762 
0.728637 
0.728687 
0.728646 
0.728818 
0.728723 
0.728610 
0.728716 
0.728489 
0.728807 
0.727947 
0.728514 
0.728686 
0.728667 
0.003244 
0.728953 
0.728807 
0.728547 
0.728743 
0.728691 
0.727389 
0.728416 
0.728231 
0.726155 
0.728711 
0.728645 
0.728765 
0.727312 
0.728697 
0.673082 
0.008573 
0.010238 
0.452308 
0.010361 
0.010235 
0.010246 
0.005592 
0.003263 
0.003259 
0.005856 
0.015414 
0.717191 
0.710806 
0.688663 
0.013942 
0.257136 
0.008246 
0.693240 
0.005941 
0.454522 
0.722872 
0.009983 
0.141257 
0.082401 
0.005935 
0.229966 
0.067798 
0.046841 
0.728825 
0.728714 
0.729301 
0.728713 
0.728629 
0.728896 
0.728648 
0.728679 
0.728549 
0.728939 
0.728979 
0.728540 
0.728587 
0.728646 
0.728673 
0.728708 
0.728137 
0.728641 
0.728337 
0.728778 
0.725285 
0.663115 
0.728977 
0.728888 
0.728975 
0.728855 
0.728695 
0.728951 
0.726434 
0.728469 
0.728830 
0.004640 
0.080315 
0.006284 
0.010251 
0.011911 
0.005354 
0.003472 
0.005935 
0.003259 
0.005951 
0.017426 
0.006152 
0.006165 
0.006267 
0.538098 
0.006406 
0.005974 
0.029788 
0.003990 
0.007024 
0.357690 
0.728549 
0.728425 
0.284570 
0.010221 
0.728628 
0.005948 
0.728754 
0.015794 
0.010476 
0.013035 
0.728657 
0.728673 
0.728531 
0.546500 
0.007706 
0.728774 
0.647072 
0.728648 
0.728062 
0.728021 
0.728767 
0.728632 
0.725661 
0.728752 
0.728646 
0.728739 
0.728665 
0.728746 
0.728743 
0.728728 
0.728507 
0.728841 
0.728990 
0.617853 
0.220275 
0.728840 
0.726765 
0.728708 
0.012350 
0.015981 
0.724360 
0.020848 
0.003217 
0.003227 
0.010240 
0.010229 
0.003216 
0.005961 
0.005970 
0.005957 
0.122337 
0.005575 
0.006304 
0.044440 
0.134386 
0.728701 
0.723291 
0.724506 
0.728692 
0.728874 
0.699060 
0.728513 
0.010736 
0.007212 
0.728708 
0.717867 
0.012099 
0.005918 
0.010345 
0.727266 
0.728154 
0.728639 
0.723607 
0.037557 
0.728530 
0.728678 
0.728782 
0.728705 
0.728733 
0.124267 
0.728805 
0.628536 
0.014079 
0.728774 
0.728632 
0.728637 
0.728756 
0.728788 
0.728961 
0.231436 
0.728104 
0.728991 
0.728743 
0.728718 
0.728574 
0.728302 
0.728800 
0.724691 
0.596661 
0.003365 
0.005895 
0.004195 
0.003217 
0.658466 
0.003882 
0.003224 
0.003309 
0.005684 
0.003661 
0.285983 
0.711560 
0.006244 
0.524394 
0.004154 
0.006961 
0.728433 
0.005941 
0.728615 
0.047613 
0.005935 
0.009606 
0.728712 
0.597318 
0.003504 
0.722711 
0.005902 
0.728629 
0.006275 
0.727171 
0.728729 
0.728658 
0.728830 
0.728496 
0.728880 
0.728833 
0.728755 
0.728675 
0.728692 
0.728808 
0.729398 
0.728777 
0.728982 
0.728734 
0.728814 
0.728957 
0.727529 
0.728545 
0.728627 
0.728526 
0.728761 
0.728638 
0.728651 
0.728689 
0.728682 
0.728962 
0.728483 
0.728845 
0.728639 
0.728835 
0.005702 
0.033975 
0.003741 
0.005904 
0.003831 
0.012259 
0.003456 
0.006178 
0.010483 
0.443163 
0.683240 
0.020139 
0.006010 
0.718600 
0.713494 
0.112288 
0.628489 
0.728417 
0.728168 
0.727571 
0.728572 
0.728643 
0.005936 
0.004848 
0.727757 
0.721570 
0.007825 
0.003683 
0.005935 
0.722504 
0.728673 
0.728661 
0.482698 
0.728732 
0.728742 
0.728710 
0.728704 
0.728645 
0.728639 
0.728692 
0.728697 
0.728855 
0.728666 
0.728629 
0.728710 
0.728677 
0.728767 
0.728628 
0.728777 
0.728656 
0.728686 
0.728699 
0.728799 
0.631403 
0.728657 
0.728885 
0.728556 
0.728886 
0.728731 
0.728692 
0.040892 
0.681319 
0.003396 
0.583193 
0.003231 
0.005873 
0.004208 
0.011175 
0.728208 
0.003248 
0.005940 
0.024985 
0.728488 
0.728996 
0.005951 
0.005937 
0.273942 
0.005941 
0.005949 
0.685773 
0.004343 
0.028028 
0.010646 
0.728634 
0.727923 
0.728874 
0.728994 
0.003692 
0.004012 
0.005935 
0.728674 
0.728629 
0.728632 
0.728645 
0.728854 
0.728857 
0.728654 
0.728701 
0.728680 
0.728689 
0.010649 
0.727579 
0.728746 
0.728763 
0.728661 
0.729051 
0.728850 
0.728934 
0.728680 
0.728032 
0.728716 
0.728631 
0.728713 
0.728854 
0.728672 
0.728783 
0.728822 
0.728651 
0.728821 
0.728696 
0.005813 
0.728756 
0.005934 
0.007184 
0.059213 
0.147516 
0.012252 
0.003386 
0.003883 
0.003523 
0.005955 
0.016989 
0.097282 
0.012269 
0.005943 
0.726276 
0.634542 
0.005942 
0.006281 
0.030232 
0.010391 
0.729038 
0.726507 
0.728795 
0.628384 
0.560194 
0.005804 
0.718047 
0.014659 
0.728040 
0.728896 
0.728774 
0.728628 
0.728778 
0.728946 
0.728629 
0.728898 
0.728633 
0.728688 
0.728752 
0.715758 
0.728662 
0.728717 
0.728628 
0.728645 
0.728628 
0.729034 
0.727592 
0.013297 
0.728909 
0.728675 
0.728943 
0.728838 
0.728738 
0.729001 
0.728681 
0.728657 
0.728690 
0.728716 
0.728787 
0.005606 
0.009186 
0.059598 
0.414518 
0.727726 
0.010505 
0.010625 
0.007180 
0.029629 
0.013217 
0.711003 
0.718679 
0.031906 
0.723621 
0.005940 
0.724032 
0.222680 
0.005909 
0.006565 
0.005966 
0.003305 
0.728794 
0.004073 
0.724737 
0.003375 
0.003901 
0.729150 
0.728945 
0.003536 
0.728635 
0.728982 
0.728760 
0.728736 
0.728719 
0.727127 
0.728696 
0.728865 
0.728637 
0.725818 
0.374364 
0.728079 
0.728618 
0.728993 
0.728784 
0.728856 
0.728650 
0.728885 
0.729055 
0.729004 
0.728744 
0.728797 
0.008032 
0.726682 
0.728846 
0.728634 
0.728858 
0.725812 
0.728680 
0.728557 
0.728588 
0.005919 
0.003319 
0.003309 
0.389154 
0.010429 
0.011035 
0.010232 
0.703831 
0.667129 
0.010251 
0.724591 
0.681306 
0.006855 
0.245576 
0.007678 
0.003450 
0.727418 
0.006027 
0.005941 
0.003185 
0.728205 
0.728713 
0.728281 
0.005915 
0.728743 
0.729132 
0.726897 
0.003656 
0.728598 
0.728644 
0.728852 
0.728628 
0.728630 
0.728629 
0.717981 
0.728696 
0.728687 
0.728784 
0.728648 
0.728636 
0.728701 
0.728702 
0.728754 
0.728787 
0.728995 
0.728888 
0.728633 
0.728723 
0.728627 
0.728745 
0.728647 
0.728679 
0.728638 
0.728645 
0.728802 
0.728938 
0.728913 
0.726655 
0.728275 
0.728628 
0.217388 
0.003569 
0.729005 
0.729055 
0.708205 
0.010321 
0.004191 
0.011696 
0.003281 
0.723701 
0.225943 
0.728854 
0.006324 
0.728708 
0.005944 
0.672291 
0.007047 
0.724600 
0.005931 
0.729043 
