2
1
20
1
0.300000
10000
0.001000
0.607899 0.809937 0.527120 0.111621 2.024398 0.792165 0.351195 1.149786 1.394607 0.812735 0.834231 1.396246 0.299853 0.738762 3.153003 0.055869 1.158853 1.194482 1.125995 6.273470 -10229709514945918000000000000.000000 
0.838215 0.522166 0.476490 -0.320803 -0.101141 0.515892 1.161462 1.158558 1.575072 1.400594 0.870535 0.729777 0.547333 0.303805 3.130828 1.402881 1.349969 1.498305 1.309263 6.275399 -1.#QNAN0 
1.289316 -0.802043 
1.000761 -0.582530 
0.565777 -0.176152 
-0.199872 -0.219896 
2.053157 -0.564021 
1.080888 -0.642260 
1.288361 -0.721629 
1.988562 -1.704240 
2.600816 -2.285490 
1.964675 -1.547848 
1.479138 -1.090056 
2.006271 -1.433421 
0.582858 -0.336351 
0.778550 -0.377661 
-3.524994 -0.663594 
1.210178 -0.441489 
2.282451 -1.884922 
2.477651 -2.040258 
2.175636 -1.818166 
-10.375368 -2.552422 
-1.026169 